0,437
0,436
0,435
0,434
0,433
0,432
0,431
0,430
0,429
0,428
0,427
0,426
0,425
0,424
0,423
0,422
0,421
0,420
0,419
0,418
0,417
0,416
0,415
0,414
0,413
0,412
0,411
0,410
0,409
44,52
44,51
44,50
44,49
44,48
44,47
44,46
44,45
44,44
44,43
44,42
44,41
44,40
44,39
44,38
44,37
44,36
44,35
0,408
0,407
0,406
0,405
46,12
0,404
46,11
46,10
46,9
46,8
46,7
0,403
0,386
46,6
46,5
0,278
0,273
0,270
46,4
46,3
46,2
46,1
46,0
45,3
45,2
0,9
45,1
45,0
10,239
10,125
10,283
10,7
10,275
10,135
10,177
10,15
10,2
10,3
11,5
11,25
11,27
11,17
11,11
11,15
9,5
9,7
